%YAML:1.0
image_width: 1280
image_height: 720
camera_matrix: !!opencv-matrix
   rows: 3
   cols: 3
   dt: d
   data: [ 1.0078030629099504e+03, 0., 5.9239470708670433e+02, 0.,
       1.0119805266952250e+03, 4.2093568633504776e+02, 0., 0., 1. ]
distortion_coefficients: !!opencv-matrix
   rows: 1
   cols: 5
   dt: d
   data: [ 1.9253909690911378e-01, -7.1318903467599992e-01,
       2.5012269526412081e-02, -4.5718596799442512e-03,
       4.2987233672045205e-01 ]
